0,0,0,0,0
0,0,0,0,0
0,0,0,0,0
0,0,0,0,0
0,0,0,0,0
0,0,0,0,0
0,0,0,0,0
135,176,0,0,0
135,176,0,0,0
135,176,0,0,0
135,176,0,0,0
1851,113,199,0,0
1852,112,196,0,0
1860,112,194,0,0
1861,111,193,0,0
1869,111,192,0,0
1879,111,191,0,0
2597,111,190,0,0
2644,112,188,0,0
2653,113,186,0,0
2658,115,186,0,0
2662,117,185,0,0
2663,117,184,0,0
2672,120,183,0,0
2673,122,183,0,0
2681,125,182,0,0
2683,125,181,0,0
2690,127,180,0,0
2693,129,180,0,0
2699,130,180,0,0
2702,131,179,0,0
2709,132,179,0,0
2712,133,178,0,0
2723,134,178,0,0
2727,135,177,0,0
2737,136,177,0,0
2756,137,177,0,0
2886,136,177,0,0
2896,134,179,0,0
2898,133,179,0,0
2906,129,181,0,0
2908,128,182,0,0
2915,123,183,0,0
2918,121,184,0,0
2925,116,186,0,0
2928,115,187,0,0
2934,111,188,0,0
2938,109,189,0,0
2944,106,190,0,0
2948,105,190,0,0
2953,101,191,0,0
2963,99,192,0,0
2964,98,192,0,0
2982,96,193,0,0
2999,95,193,0,0
3041,95,194,0,0
3046,94,195,0,0
3056,94,198,0,0
3056,94,198,0,0
3056,94,198,0,0
3896,94,198,0,0
3896,130,198,0,0
3896,129,196,0,0
3902,128,194,0,0
3912,127,191,0,0
4052,129,191,0,0
4062,130,191,0,0
4065,131,191,0,0
4071,132,190,0,0
4075,133,190,0,0
4080,134,190,0,0
4085,135,190,0,0
4089,137,190,0,0
4099,138,190,0,0
4100,139,190,0,0
4108,141,191,0,0
4110,142,191,0,0
4118,143,191,0,0
4120,144,191,0,0
4128,145,192,0,0
4543,145,192,0,1
4656,145,192,0,0
4996,145,192,1,0
5083,145,192,0,0
5636,145,192,1,0
5670,145,192,0,0
6118,145,192,1,0
6119,145,192,0,0
6460,145,192,0,1
6509,145,192,0,0
7427,145,192,0,1
7427,145,192,0,0
8013,145,192,0,1
8013,145,192,0,0
8404,145,192,0,1
9316,145,192,0,0
9450,145,192,0,1
9450,145,192,0,0
9682,145,192,0,1
9682,145,192,0,0
9806,145,192,0,1
9806,145,192,0,0
9931,145,192,0,1
9931,145,192,0,0
10484,150,187,0,0
10488,152,186,0,0
10493,157,179,0,0
10494,159,176,0,0
10504,168,163,0,0
10512,177,152,0,0
10513,180,146,0,0
10521,189,135,0,0
10523,193,130,0,0
10523,193,130,0,0
10523,193,130,0,0
10922,193,130,0,0
10922,199,1,0,0
10928,198,1,0,0
10937,196,1,0,0
10939,195,1,0,0
10947,194,1,0,0
10957,193,1,0,0
10985,192,1,0,0
10988,192,0,0,0
10988,192,0,0,0
10988,192,0,0,0
